4
0 8
9
0 1 10
0 2 12
1 2 9
1 3 8
2 4 3
2 5 1
3 4 7
3 6 11
3 7 5
4 5 3
5 7 6
6 7 9
6 8 2
7 8 11
4
0 8
9
0 1 10
0 2 12
1 2 9
1 3 8
2 4 3
2 5 1
3 4 7
3 6 11
3 7 5
4 5 3
5 7 6
6 7 9
6 8 2
7 8 11
4
0 8
9
0 1 10
0 2 12
1 2 9
1 3 8
2 4 3
2 5 1
3 4 7
3 6 11
3 7 5
4 5 3
5 7 6
6 7 9
6 8 2
7 8 11
4
0 8
9
0 1 10
0 2 12
1 2 9
1 3 8
2 4 3
2 5 1
3 4 7
3 6 11
3 7 5
4 5 3
5 7 6
6 7 9
6 8 2
7 8 11
0
0 8
9
0 1 10
0 2 12
1 2 9
1 3 8
2 4 3
2 5 1
3 4 7
3 6 11
3 7 5
4 5 3
5 7 6
6 7 9
6 8 2
7 8 11
0
0 8
9
0 1 10
0 2 12
1 2 9
1 3 8
2 4 3
2 5 1
3 4 7
3 6 11
3 7 5
4 5 3
5 7 6
6 7 9
6 8 2
7 8 11
0
0 8
9
0 1 10
0 2 12
1 2 9
1 3 8
2 4 3
2 5 1
3 4 7
3 6 11
3 7 5
4 5 3
5 7 6
6 7 9
6 8 2
7 8 11
4
0 8
9
0 1 10
0 2 12
1 2 9
1 3 8
2 4 3
2 5 1
3 4 7
3 6 11
3 7 5
4 5 3
5 7 6
6 7 9
6 8 2
7 8 11
12
0 8
9
0 1 8
0 2 4
1 2 0
1 3 8
2 4 3
2 5 1
3 4 0
3 6 3
3 7 5
4 5 3
5 7 4
6 7 1
6 8 2
7 8 10
12
0 8
9
0 1 8
0 2 4
1 2 0
1 3 8
2 4 3
2 5 1
3 4 0
3 6 3
3 7 5
4 5 3
5 7 4
6 7 1
6 8 2
7 8 10
12
0 8
9
0 1 8
0 2 4
1 2 0
1 3 8
2 4 3
2 5 1
3 4 0
3 6 3
3 7 5
4 5 3
5 7 4
6 7 1
6 8 2
7 8 10
12
0 8
9
0 1 8
0 2 4
1 2 0
1 3 8
2 4 3
2 5 1
3 4 0
3 6 3
3 7 5
4 5 3
5 7 4
6 7 1
6 8 2
7 8 10
12
0 8
9
0 1 8
0 2 4
1 2 0
1 3 8
2 4 3
2 5 1
3 4 0
3 6 3
3 7 5
4 5 3
5 7 4
6 7 1
6 8 2
7 8 10
12
0 8
9
0 1 8
0 2 4
1 2 0
1 3 8
2 4 3
2 5 1
3 4 0
3 6 3
3 7 5
4 5 3
5 7 4
6 7 1
6 8 2
7 8 10
